#Mass     Total       gg->qqbar gg->gg  qqbar->qqbar qqbar->gg
500.0   0.2534E+03   0.61434   0.27903   0.04517   0.06145
550.0   0.1632E+03   0.60544   0.27503   0.05059   0.06894
600.0   0.1085E+03   0.59611   0.27121   0.05613   0.07656
650.0   0.7421E+02   0.58683   0.26705   0.06176   0.08436
700.0   0.5193E+02   0.57728   0.26295   0.06749   0.09229
750.0   0.3707E+02   0.56770   0.25870   0.07328   0.10032
800.0   0.2695E+02   0.55814   0.25433   0.07912   0.10842
850.0   0.1990E+02   0.54831   0.25003   0.08504   0.11662
900.0   0.1490E+02   0.53848   0.24566   0.09099   0.12486
950.0   0.1130E+02   0.52867   0.24125   0.09695   0.13313
1000.0   0.8673E+01   0.51891   0.23673   0.10294   0.14142
1050.0   0.6722E+01   0.50901   0.23224   0.10898   0.14978
1100.0   0.5261E+01   0.49914   0.22778   0.11499   0.15809
1150.0   0.4154E+01   0.48938   0.22326   0.12098   0.16637
1200.0   0.3306E+01   0.47943   0.21881   0.12703   0.17473
1250.0   0.2650E+01   0.46965   0.21434   0.13303   0.18299
1300.0   0.2139E+01   0.45992   0.20990   0.13899   0.19120
1350.0   0.1738E+01   0.45023   0.20548   0.14492   0.19937
1400.0   0.1420E+01   0.44058   0.20108   0.15083   0.20751
1450.0   0.1167E+01   0.43103   0.19672   0.15667   0.21557
1500.0   0.9639E+00   0.42159   0.19242   0.16246   0.22353
1550.0   0.7998E+00   0.41223   0.18815   0.16819   0.23143
1600.0   0.6666E+00   0.40300   0.18393   0.17385   0.23922
1700.0   0.4691E+00   0.38497   0.17570   0.18490   0.25442
1800.0   0.3349E+00   0.36746   0.16771   0.19564   0.26919
1900.0   0.2424E+00   0.35061   0.16002   0.20596   0.28340
2000.0   0.1774E+00   0.33436   0.15260   0.21592   0.29711
2100.0   0.1312E+00   0.31881   0.14551   0.22545   0.31022
2200.0   0.9793E-01   0.30389   0.13870   0.23460   0.32281
2300.0   0.7373E-01   0.28971   0.13223   0.24329   0.33477
2400.0   0.5591E-01   0.27615   0.12604   0.25160   0.34620
2500.0   0.4269E-01   0.26330   0.12017   0.25948   0.35705
2600.0   0.3279E-01   0.25106   0.11459   0.26698   0.36737
2700.0   0.2533E-01   0.23947   0.10929   0.27409   0.37715
2800.0   0.1966E-01   0.22848   0.10428   0.28083   0.38642
2900.0   0.1532E-01   0.21804   0.09951   0.28723   0.39522
3000.0   0.1200E-01   0.20818   0.09501   0.29327   0.40354
3100.0   0.9422E-02   0.19880   0.09074   0.29902   0.41145
3200.0   0.7426E-02   0.18996   0.08670   0.30444   0.41891
3300.0   0.5870E-02   0.18157   0.08287   0.30958   0.42598
3400.0   0.4652E-02   0.17363   0.07924   0.31445   0.43268
3500.0   0.3696E-02   0.16613   0.07582   0.31905   0.43901
3600.0   0.2942E-02   0.15900   0.07257   0.32341   0.44502
3700.0   0.2346E-02   0.15226   0.06949   0.32755   0.45070
3800.0   0.1874E-02   0.14587   0.06658   0.33146   0.45609
3900.0   0.1499E-02   0.13982   0.06381   0.33517   0.46120
4000.0   0.1200E-02   0.13408   0.06120   0.33869   0.46603
4100.0   0.9625E-03   0.12865   0.05872   0.34202   0.47062
4200.0   0.7724E-03   0.12349   0.05636   0.34518   0.47497
4300.0   0.6202E-03   0.11860   0.05413   0.34818   0.47909
4400.0   0.4983E-03   0.11396   0.05201   0.35102   0.48301
4500.0   0.4005E-03   0.10956   0.05001   0.35372   0.48671
4600.0   0.3220E-03   0.10539   0.04810   0.35627   0.49023
4700.0   0.2589E-03   0.10142   0.04629   0.35871   0.49358
4800.0   0.2082E-03   0.09766   0.04457   0.36101   0.49675
4900.0   0.1673E-03   0.09409   0.04295   0.36320   0.49976
5000.0   0.1345E-03   0.09070   0.04140   0.36528   0.50262
5100.0   0.1080E-03   0.08748   0.03993   0.36725   0.50534
5200.0   0.8669E-04   0.08444   0.03854   0.36912   0.50791
5300.0   0.6953E-04   0.08153   0.03721   0.37090   0.51036
5400.0   0.5573E-04   0.07879   0.03596   0.37258   0.51267
5500.0   0.4462E-04   0.07619   0.03478   0.37417   0.51486
5600.0   0.3568E-04   0.07372   0.03364   0.37569   0.51695
5700.0   0.2850E-04   0.07138   0.03258   0.37712   0.51892
5800.0   0.2273E-04   0.06917   0.03157   0.37848   0.52079
5900.0   0.1810E-04   0.06707   0.03061   0.37976   0.52256
6000.0   0.1439E-04   0.06509   0.02971   0.38098   0.52422
6100.0   0.1142E-04   0.06321   0.02885   0.38213   0.52581
6200.0   0.9042E-05   0.06145   0.02805   0.38321   0.52730
6300.0   0.7147E-05   0.05978   0.02729   0.38423   0.52870
6400.0   0.5635E-05   0.05821   0.02657   0.38520   0.53003
6500.0   0.4433E-05   0.05673   0.02589   0.38610   0.53127
6600.0   0.3479E-05   0.05534   0.02526   0.38695   0.53245
6700.0   0.2722E-05   0.05404   0.02466   0.38775   0.53355
6800.0   0.2125E-05   0.05282   0.02411   0.38850   0.53458
6900.0   0.1653E-05   0.05167   0.02358   0.38920   0.53554
7000.0   0.1282E-05   0.05060   0.02309   0.38986   0.53645
7100.0   0.9914E-06   0.04961   0.02264   0.39047   0.53728
7200.0   0.7639E-06   0.04867   0.02221   0.39104   0.53807
7300.0   0.5866E-06   0.04780   0.02182   0.39157   0.53881
7400.0   0.4489E-06   0.04700   0.02145   0.39206   0.53948
7500.0   0.3423E-06   0.04625   0.02111   0.39252   0.54011
7600.0   0.2599E-06   0.04555   0.02079   0.39296   0.54071
7700.0   0.1966E-06   0.04489   0.02049   0.39336   0.54126
7800.0   0.1481E-06   0.04428   0.02021   0.39373   0.54178
7900.0   0.1112E-06   0.04370   0.01994   0.39409   0.54227
8000.0   0.8308E-07   0.04314   0.01969   0.39443   0.54274
8100.0   0.6183E-07   0.04260   0.01944   0.39476   0.54319
8200.0   0.4584E-07   0.04206   0.01920   0.39509   0.54365
8300.0   0.3384E-07   0.04153   0.01895   0.39542   0.54410
8400.0   0.2489E-07   0.04098   0.01870   0.39576   0.54456
8500.0   0.1823E-07   0.04039   0.01844   0.39611   0.54505
8600.0   0.1330E-07   0.03978   0.01816   0.39649   0.54557
8700.0   0.9672E-08   0.03911   0.01785   0.39690   0.54614
8800.0   0.7008E-08   0.03836   0.01751   0.39736   0.54677
8900.0   0.5059E-08   0.03753   0.01713   0.39787   0.54747
9000.0   0.3645E-08   0.03659   0.01670   0.39845   0.54826
